amazonas.latitude = -4.596777
amazonas.longitude = -64.170701
amazonas.raio = 500
para.latitude = -5.092700
para.longitude = -52.515420
para.raio = 380